5 0.35697265625 0.783359375 0.33703125 0.42732421874999993
5 0.09533203125 0.47724609375000004 0.1906640625 0.66009765625
5 0.1998046875 0.4865625 0.21609375000000003 0.61916015625
5 0.28537109375 0.5219140625 0.41326171875000006 0.55958984375
5 0.26259765625 0.4391015625 0.4197656249999999 0.6135937499999999
5 0.35138671875 0.45400390625 0.3705078125 0.55033203125
5 0.3653515625 0.50982421875 0.51 0.516796875
5 0.52529296875 0.60568359375 0.43566406250000006 0.31392578125000004
5 0.56154296875 0.4921484375 0.38546875 0.59681640625
5 0.6322265625 0.45771484375 0.55658203125 0.5987109375
5 0.70103515625 0.43724609375 0.40783203125000006 0.6173242187499999
5 0.71962890625 0.476328125 0.4152734375 0.6173046874999999