1 0.791171875 0.83361328125 0.2412109375 0.3268164062500001
1 0.47408203125 0.87875 0.22085937499999997 0.23095703125
1 0.2188671875 0.69408203125 0.27283203125 0.27107421874999993
1 0.3513671875 0.603828125 0.18082031249999997 0.27298828124999996
1 0.29603515625 0.37451171875 0.11849609375000003 0.16800781249999996
1 0.43830078125 0.2224609375 0.09906249999999994 0.21427734374999996
1 0.5048046875 0.3070703125 0.11949218749999996 0.11873046875000001
1 0.5015234375 0.38056640625 0.09160156249999996 0.17265625000000007
1 0.51685546875 0.48291015625 0.18365234374999995 0.15769531250000002
1 0.81861328125 0.41591796875 0.1454101562500001 0.22472656250000006
1 0.59826171875 0.45732421875 0.1390625000000001 0.13632812500000002
1 0.638671875 0.615 0.19291015624999996 0.2171679687500001
1 0.978984375 0.3721875 0.042031249999999964 0.13357421874999997
1 0.91859375 0.22427734375 0.06076171875000003 0.10576171875000001